$ANSIBLE_VAULT;1.1;AES256
31386434386165313961623062313631353131616334313437303635313233616534323961326530
3636656437643037633563333934346239623961346235630a653633373562393536313963613061
64646564616335666662313161646564326338316138633962376536313936303637393139366130
3233366131663330390a343063393335333831633634363235303235346137363230373731636366
36613531663864353036653833613330386430316363346535376463326436366435663936636431
32303438376161343161336332396264303439326438666264623633663130303936353464366235
35343065376530306436636536336530663965616339613237386366623161383665326661356134
63626137613931383064666166613536326131666365313831353337333632633630313233333139
65306563343137306464313939306664333932373966306162393632326566636539646337333965
37353531333736336365393938396165653537396239363335326165623262333838396130306134
64376233363336633062633531626333383066353530386139383564353161376135343132373365
34306562346535656364626564636630616365326263663961643037383938633139653465646661
38313063626535623237333932303934643466366663306262646465366265376261386435303336
39303635653138663232653537613339343062613933396566323434663462326230643662643266
36366331666362343133643237626533376136333030323865636333663932376237336135613637
63323835663736383132623230653333336266396265386531353735333362393938656530303638
61373962376637383561343830376536336531356233366335663031393637623030383863373535
35636164633132646364643761323665323731323339633039623365663436366237626263303363
33323632383965333762396431663662343633633332326431643433306238313138323937326364
61653234343262353331393632623234336566643661313138383136316536336238616362343430
30366230643231343434343732306535323533613766393533633238306631623362333164616663
63393964613266313834653462383165653936616163383964313833623462643862346434653262
64616131353131613335396639393736626135346639373864303264346630663834386363636630
33323862646161323334656533306336333261393835633435353665613730656135396139346566
64666562343939323032613164646664393162663139326365623064333730366133633066363330
35326262666434353863653761373330323733356237343237306635346162653263393633376639
636161373465666666333864363635383530
